Sample Input
    4 7
    1 2 -3 4 -2 1 5
    -1 3 5 -2 6 -3 4
    2 1 3 -2 -1 3 1
    3 -3 4 2 -3 4 3
5 6
3 4 1 2 8 6
6 1 8 2 7 4
5 9 3 9 9 5
8 4 1 3 2 6
3 7 2 8 6 4
5 6
3 4 1 2 8 6
6 1 8 2 7 4
5 9 3 9 9 5
8 4 1 3 2 6
3 7 2 1 2 3
2 2
9 10 9 10
6 8
9 1 9 9 1 1 1 1
1 9 9 1 9 9 9 9
9 9 1 9 9 1 1 1
1 1 9 9 1 9 9 9
9 9 9 1 9 9 9 9
9 9 1 9 9 9 9 9 
6 7
1 9 9 1 9 9 9
9 1 1 9 9 9 9
9 9 9 9 1 1 1
9 9 9 1 9 9 9
9 9 1 9 9 9 9
9 1 9 9 1 1 1
5 4
9 1 9 9
1 9 9 9
9 9 9 9
1 1 1 1
9 9 1 9
3 4
1 1 1 1
2 1 2 1
1 1 1 1
3 4
1 1 1 1
1 1 1 1
1 1 1 1
    5 6
    1 1 1 1 1 1
    2 2 2 2 2 2
    3 3 3 3 3 3
    4 4 4 4 4 4
    5 5 5 5 5 5
    3 4
    1 2 3 4
    1 2 3 4
    1 2 3 4
    5 5
    1 5 10 6 3
    5 1 8 4 11
    10 12 5 2 9
    7 3 20 5 8
    4 1 5 12 6
    5 10
    11 53 34 73 18 53 99 52 31 54
    4 72 24 6 46 17 63 82 89 25
    67 22 10 97 99 64 33 45 81 76
    24 71 46 62 18 11 54 40 17 51
    99 8 57 76 7 51 90 92 51 21
    5 10
    11 53 1 73 18 53 99 52 31 54
    4 72 54 6 46 17 63 82 89 25
    67 22 80 97 99 64 33 45 81 76
    24 71 46 62 18 11 54 40 17 51
    99 8 57 76 7 51 90 92 51 21
    5 6
    -3 -4 -1 -2 -8 -6
    -6 -1 -8 -2 -7 -4 -5 -9 -3 -9 -9 -5
    -8 -4 -1 -3 -2 -6 -3 -7 -2 -8 -6 -4
    10 100
    1 1 1 1 1 1 1 1 1 1 1 1 1 1 1 1 1 1 1 1 1 1 1 1 1 1 1 1 1 1 1 1 1 1 1 1
    1 1 1 1 1 1 1 1 1 1 1 1 1 1 1 1 1 1 1 1 1 1 1 1 1 1 1 1 1 1 1 1 1 1 1 1
    1 1 1 1 1 1 1 1 1 1 1 1 1 1 1 1 1 1 1 1 1 1 1 1 1 1 1 1 1 1 1 1 1 1 1 1
    1 1 1 1 1 1 1 1 1 1 1 1 1 1 1 1 1 1 1 1 1 1 1 1 1 1 1 1 1 1 1 1 1 1 1 1
    1 1 1 1 1 1
    1 1 1 1 1 1 1 1 1 1 1 1 1 1 1 1 1 1 1 1 1 1 1 1 1 1 1 1 1 1 1 1 1 1 1 1
    1 1 1 1 1 1 1 1 1 1 1 1 1 1 1 1 1 1 1 1 1 1 1 1 1 1 1 1 1 1 1 1 1 1 1 1
    1 1 1 1 1 1 1 1 1 1 1 1 1 1 1 1 1 1 1 1 1 1 1 1 1 1 1 1 1 1 1 1 1 1 1 1
    1 1 1 1 1 1 1 1 1 1 1 1 1 1 1 1 1 1 1 1 1 1 1 1 1 1 1 1 1 1 1 1 1 1 1 1
    1 1 1 1 1 1
    1 1 1 1 1 1 1 1 1 1 1 1 1 1 1 1 1 1 1 1 1 1 1 1 1 1 1 1 1 1 1 1 1 1 1 1
    1 1 1 1 1 1 1 1 1 1 1 1 1 1 1 1 1 1 1 1 1 1 1 1 1 1 1 1 1 1 1 1 1 1 1 1
    1 1 1 1 1 1 1 1 1 1 1 1 1 1 1 1 1 1 1 1 1 1 1 1 1 1 1 1 1 1 1 1 1 1 1 1
    1 1 1 1 1 1 1 1 1 1 1 1 1 1 1 1 1 1 1 1 1 1 1 1 1 1 1 1 1 1 1 1 1 1 1 1
    1 1 1 1 1 1
    1 1 1 1 1 1 1 1 1 1 1 1 1 1 1 1 1 1 1 1 1 1 1 1 1 1 1 1 1 1 1 1 1 1 1 1
    1 1 1 1 1 1 1 1 1 1 1 1 1 1 1 1 1 1 1 1 1 1 1 1 1 1 1 1 1 1 1 1 1 1 1 1
    1 1 1 1 1 1 1 1 1 1 1 1 1 1 1 1 1 1 1 1 1 1 1 1 1 1 1 1 1 1 1 1 1 1 1 1
    1 1 1 1 1 1 1 1 1 1 1 1 1 1 1 1 1 1 1 1 1 1 1 1 1 1 1 1 1 1 1 1 1 1 1 1
    1 1 1 1 1 1
    1 1 1 1 1 1 1 1 1 1 1 1 1 1 1 1 1 1 1 1 1 1 1 1 1 1 1 1 1 1 1 1 1 1 1 1
    1 1 1 1 1 1 1 1 1 1 1 1 1 1 1 1 1 1 1 1 1 1 1 1 1 1 1 1 1 1 1 1 1 1 1 1
    1 1 1 1 1 1 1 1 1 1 1 1 1 1 1 1 1 1 1 1 1 1 1 1 1 1 1 1 1 1 1 1 1 1 1 1
    1 1 1 1 1 1 1 1 1 1 1 1 1 1 1 1 1 1 1 1 1 1 1 1 1 1 1 1 1 1 1 1 1 1 1 1
    1 1 1 1 1 1
    1 1 1 1 1 1 1 1 1 1 1 1 1 1 1 1 1 1 1 1 1 1 1 1 1 1 1 1 1 1 1 1 1 1 1 1
    1 1 1 1 1 1 1 1 1 1 1 1 1 1 1 1 1 1 1 1 1 1 1 1 1 1 1 1 1 1 1 1 1 1 1 1
    1 1 1 1 1 1 1 1 1 1 1 1 1 1 1 1 1 1 1 1 1 1 1 1 1 1 1 1 1 1 1 1 1 1 1 1
    1 1 1 1 1 1 1 1 1 1 1 1 1 1 1 1 1 1 1 1 1 1 1 1 1 1 1 1 1 1 1 1 1 1 1 1
    1 1 1 1 1 1
    1 1 1 1 1 1 1 1 1 1 1 1 1 1 1 1 1 1 1 1 1 1 1 1 1 1 1 1 1 1 1 1 1 1 1 1
    1 1 1 1 1 1 1 1 1 1 1 1 1 1 1 1 1 1 1 1 1 1 1 1 1 1 1 1 1 1 1 1 1 1 1 1
    1 1 1 1 1 1 1 1 1 1 1 1 1 1 1 1 1 1 1 1 1 1 1 1 1 1 1 1
6 6
1 2 2 1 1 1
1 1 2 2 1 1
1 1 1 2 2 1
1 1 1 2 2 1
1 1 1 2 1 1
1 1 1 1 2 1    
    1 1
    1
    2 1
    1
    1
    1 2
    1 1
1 10
536870911 536870911 536870911 536870911
536870911 536870911 536870911 536870911
536870911 536870911

2 10
536870911 536870911 536870911 536870911
536870911 536870911 536870911 536870911
536870911 536870911 536870911 536870911
536870911 536870911 536870911 536870911
536870911 536870911 536870911 536870911
    4 69
    -287 257 229 -297 374 457 -31 -8 -477 -239 -374 -198 -197 346 -286 5 -332 351 -157 -164 228 437 -187 400 -217 270 -169 278 275 451 232 489 208 313 -308 435 270 161 -73 -355 -226 406 299 429 252 -487 -65 421 364 278 109 93 -433 422 345 203 -456 -324 -19 320 -21 -287 309 -313 -122 -147 -378 1 -134
    402 146 140 308 -54 69 412 311 -496 -315 176 -365 294 121 -298 -432 -34 -243 -387 494 239 433 -27 -196 -406 160 183 -53 -365 36 313 -463 34 -47 -303 -168 -478 -391 -356 -121 -205 320 14 -411 -59 -432 10 -241 -174 123 -247 -83 408 226 221 -498 238 256 -51 373 -208 114 410 -321 -433 -393 11 -59 69
    155 320 364 327 186 -195 -232 -393 315 379 -67 290 -368 350 198 -290 423 -448 449 -468 1 322 -176 -385 -415 355 34 44 -133 -172 -387 -478 0 -171 350 -313 135 -30 -206 302 -150 -421 445 334 -219 495 -455 56 -452 494 88 401 -332 -235 -131 105 -380 403 -350 -13 -269 -237 10 -416 93 212 -229 80 -318
    417 234 384 -152 179 219 481 175 264 37 223 -390 -374 124 130 243 493 -264 363 -251 -114 -149 332 -499 -287 416 446 -223 39 26 -41 -44 113 196 -344 -208 -85 -363 -181 31 -473 -458 493 5 -481 123 -252 -136 359 -389 113 97 314 298 99 -121 214 45 156 -246 -76 -32 -438 -463 -336 71 181 431 -440
    
                
Sample Output
    1 4 1 2 1 2 3
    -11
1 2 3 4 4 5
16
1 2 1 5 4 5
11
1 1
19
2 1 6 5 4 3 3 3
8 
1 2 2 1 6 6 6
7
2 1 5 4
4
1 1 1 1
4
1 1 1 1
4
    1 1 1 1 1 1
    6
    1 1 1 1
    10
    1 2 3 2 1
    14
    2 3 3 2 1 2 3 4 4 5
    188
    1 5 1 2 1 2 3 4 4 5
    172
    4 3 2 3 3 4
    -49
    1 1 1 1 1 1 1 1 1 1 1 1 1 1 1 1 1 1 1 1 1 1 1 1 1 1 1 1 1 1 1 1 1 1 1 1 1 1 1 1 1 1 1 1 1 1 1 1 1 1 1 1 1 1 1 1 1 1 1 1 1 1 1 1 1 1 1 1 1 1 1 1 1 1 1 1 1 1 1 1 1 1 1 1 1 1 1 1 1 1 1 1 1 1 1 1 1 1 1 1
    100
1 6 5 6 1 1
6
    1
    1
    1
    1
    1 1
    2
    1 1 1 1 1 1 1 1 1 1
    5368709110
    1 1 1 1 1 1 1 1 1 1
    5368709110
1 2 2 1 2 3 3 3 2 2 1 4 3 2 2 2 1 2 2 3 4 4 1 4 3 2 1 2 2 3 3 3 3 3 4 3 2 2 2 1 4 3 2 2 3 2 3 2 3 4 3 2 3 3 3 2 1 1 1 4 3 3 4 3 2 2 1 1 4
-19108
    