Input
0.05
0.10
0.20
0.40
0.80
1.60
3.20
4.80
1
2
4
8
16
32
48

2.05
3
3.05
3.10
3.15
3.20
3.50
10
15

100
300.00
300
0.00


Output:
  0.05                1
  0.10                2
  0.20                4
  0.40                9
  0.80               31
  1.60              159
  3.20             1267
  4.80             5282
  1.00               50
  2.00              293
  4.00             2728
  8.00            39857
 16.00           938319
 32.00         36629049
 48.00        399454734
  2.05              293
  3.00             1022
  3.05             1022
  3.10             1138
  3.15             1138
  3.20             1267
  3.50             1714
 10.00           104561
 15.00           684717
100.00      47580509178
300.00  181490736388615
300.00  181490736388615

