0,   1,   0
1,   11,  5
2,   6,   7
3,   13,  9
12,  7,   16
14,  3,   25
19,  18,  22
23,  13,  29
24,  4,   28
100, 5,   110
100, 3,   110
100, 8,   109
100, 6,   110
111, 6,   120
111, 5,   125
115, 10,  117
116, 7, 123
120, 7, 126
200, 5, 205
205, 7, 206
206, 5, 207
210, 5, 216
215, 7, 218
215, 6, 220
215, 7, 219
219, 8, 220
250, 6, 255
255, 4, 258
255, 5, 259
260, 6, 265
260, 4, 268
260, 4, 270
303, 2, 304
303, 1, 307
305, 2, 306
401, 11, 405
402, 5, 410
406, 9, 408
406, 8, 408

      
      
      